0.55042 0.44958
0.68817 0.31183
0.43935 0.56065
0.37671 0.62329
0.27451 0.72549
0.26345 0.73655
0.2152 0.7848
0.17585 0.82415
0.73213 0.26787
0.6263 0.3737
0.39031 0.60969
0.75116 0.24884
0.31766 0.68234
0.57125 0.42875
0.18488 0.81512
0.49874 0.50126
0.60691 0.39309
0.74679 0.25321
0.63318 0.36682
0.4353 0.5647
0.57004 0.42996
0.3695 0.6305
0.31036 0.68964
0.30881 0.69119
0.7846 0.2154
0.50155 0.49845
0.5686 0.4314
0.50369 0.49631
0.37167 0.62833
0.31165 0.68835
0.36917 0.63083
0.21253 0.78747
Time:  52171.74129567295
0.86032 0.13968
0.45012 0.54988
0.79731 0.20269
0.57028 0.42972
0.4356 0.5644
0.50234 0.49766
0.25997 0.74003
0.43622 0.56378
0.82362 0.17638
0.56078 0.43922
0.5022 0.4978
0.69644 0.30356
0.49857 0.50143
0.43347 0.56653
0.43151 0.56849
0.25905 0.74095
0.50068 0.49932
0.83569 0.16431
0.69612 0.30388
0.3323 0.6677
0.63396 0.36604
0.22539 0.77461
0.50378 0.49622
0.15066 0.84934
0.67415 0.32585
0.79356 0.20644
0.75103 0.24897
0.63677 0.36323
0.69449 0.30551
0.63141 0.36859
0.56912 0.43088
0.37174 0.62826
0.860445 0.139555
0.521755 0.478245
0.74916 0.25084
0.50029 0.49971
0.69879 0.30121
0.513965 0.486035
0.5 0.5
0.515415 0.484585
0.82662 0.17338
0.544995 0.455005
0.543645 0.456355
0.6427 0.3573
0.500195 0.499805
0.58962 0.41038
0.500015 0.499985
0.502525 0.497475
0.67868 0.32132
0.692165 0.307835
0.58757 0.41243
0.58938 0.41062
0.515555 0.484445
0.50265 0.49735
0.50011 0.49989
0.50014 0.49986
0.54339 0.45661
0.83412 0.16588
0.641855 0.358145
0.51406 0.48594
0.502445 0.497555
0.544205 0.455795
0.5 0.5
0.544315 0.455685
0.7342 0.2658
0.63685 0.36315
0.504475 0.495525
0.750735 0.249265
0.59058 0.40942
0.5 0.5
0.586865 0.413135
0.5 0.5
0.62474 0.37526
0.745445 0.254555
0.698485 0.301515
0.54409 0.45591
0.544515 0.455485
0.5 0.5
0.543605 0.456395
0.5 0.5
0.782205 0.217795
0.58497 0.41503
0.516885 0.483115
0.698955 0.301045
0.500005 0.499995
0.64218 0.35782
0.50212 0.49788
0.5 0.5
Time:  162398.15220900252
0.576285 0.423715
0.79461 0.20539
0.7989 0.2011
0.503165 0.496835
0.642085 0.357915
0.50015 0.49985
0.514285 0.485715
0.5 0.5
